Model parameters (weights and biases):
0.weight: tensor([[[[ 1.8568e-01,  1.8606e-01, -3.1266e-01],
          [ 3.1103e-01, -1.1164e-01,  3.2342e-01],
          [ 1.2474e-01, -1.9888e-01,  1.7610e-02]]],


        [[[ 2.1742e-02, -1.6071e-01,  2.7574e-01],
          [-2.7066e-01, -1.3389e-01, -1.3817e-01],
          [ 2.5468e-01, -1.3349e-01,  2.0691e-01]]],


        [[[ 1.5646e-01,  8.4726e-02,  1.9200e-01],
          [-6.1656e-02, -1.8304e-01,  8.2339e-02],
          [ 2.0351e-01,  7.7006e-03, -1.6377e-01]]],


        [[[ 1.3347e-01, -1.9152e-01, -2.0972e-01],
          [-1.8395e-01, -2.7228e-01,  2.2461e-01],
          [ 3.0951e-01,  2.2689e-01,  1.6645e-01]]],


        [[[ 2.2107e-01, -3.0453e-01,  7.7517e-02],
          [-8.3193e-02,  2.2623e-01, -1.3666e-01],
          [-3.1748e-01, -3.0471e-01, -2.8828e-01]]],


        [[[-4.6013e-02,  2.3454e-01,  1.5761e-01],
          [ 1.9243e-01, -3.2888e-01, -7.8265e-02],
          [ 1.9905e-01,  1.5453e-01,  2.5840e-01]]],


        [[[ 9.7293e-02,  8.4586e-02,  1.4453e-01],
          [-5.7262e-02, -1.7832e-01, -3.9567e-02],
          [-1.8946e-01, -2.7536e-01, -7.2968e-02]]],


        [[[ 3.1885e-01,  2.4715e-01,  3.2061e-01],
          [ 1.7876e-01,  9.1318e-02,  1.7193e-01],
          [ 2.3722e-01, -2.2734e-01,  3.1194e-02]]],


        [[[ 2.5509e-01,  2.3393e-01,  3.1357e-01],
          [-2.9607e-01,  2.5956e-01, -3.2620e-02],
          [-1.9692e-01, -8.7174e-02,  2.9377e-01]]],


        [[[ 2.3367e-01, -3.1950e-02,  3.2586e-01],
          [ 3.2153e-01,  1.3894e-01,  1.6644e-03],
          [-2.5899e-01,  2.0514e-01, -3.7264e-02]]],


        [[[ 3.2287e-02,  2.6365e-01, -3.4662e-02],
          [-2.1051e-01, -4.0758e-02, -2.9208e-01],
          [-2.2259e-01,  2.5246e-01, -3.0819e-01]]],


        [[[-3.0274e-01,  1.5544e-01, -1.6548e-01],
          [ 8.3728e-02,  1.0154e-01, -1.3294e-02],
          [-9.4286e-02,  4.2161e-02, -1.8503e-01]]],


        [[[ 8.0055e-02,  7.4935e-02, -4.0345e-02],
          [ 2.8399e-01, -1.6094e-01,  2.9290e-04],
          [ 1.5422e-01, -1.9737e-01,  2.6493e-02]]],


        [[[-1.6417e-01,  2.7779e-01,  1.2177e-01],
          [ 2.2936e-02,  2.2788e-01,  4.5629e-02],
          [-2.0713e-01, -1.4532e-01,  9.2807e-02]]],


        [[[-2.8716e-01, -2.4738e-02,  1.5507e-01],
          [ 4.4488e-02,  7.4193e-02,  2.3468e-01],
          [-3.0860e-01, -1.2944e-01,  2.5974e-01]]],


        [[[ 1.1928e-01, -4.9096e-02, -4.2622e-02],
          [-2.8470e-01, -7.7336e-02, -2.6923e-01],
          [-5.8539e-02,  2.9774e-01,  1.0808e-01]]],


        [[[ 3.1492e-01, -4.5358e-02,  1.5942e-01],
          [-2.4475e-01, -2.3341e-01, -2.7897e-01],
          [ 2.9585e-02,  3.2190e-01,  3.2012e-01]]],


        [[[ 9.7719e-02, -2.0437e-02,  1.6201e-01],
          [-3.2944e-01, -1.6604e-01, -2.5957e-01],
          [-1.0414e-01, -2.7733e-01,  1.5177e-01]]],


        [[[ 1.5066e-01, -9.5297e-02, -1.8053e-01],
          [-2.4467e-01, -3.0011e-01, -6.0796e-02],
          [ 3.2024e-01,  3.9344e-03, -1.1298e-03]]],


        [[[ 2.5879e-01,  1.8846e-01, -1.1302e-01],
          [-2.7582e-01, -1.3168e-01, -7.8547e-02],
          [ 2.5274e-01, -1.2382e-01, -3.3209e-02]]],


        [[[-2.2491e-01,  2.2491e-01, -1.7851e-01],
          [-3.1645e-01,  2.8342e-02, -3.4941e-02],
          [ 3.0986e-01, -3.9374e-03, -1.0574e-01]]],


        [[[ 2.2200e-01, -2.1149e-02, -3.3108e-01],
          [-2.6885e-01, -2.7426e-01, -1.2513e-01],
          [ 1.4484e-01, -2.9019e-01, -1.2071e-01]]],


        [[[ 2.2271e-02, -2.5003e-01, -3.2359e-01],
          [ 1.0188e-01,  2.7379e-01,  4.0211e-02],
          [ 2.2867e-02, -1.2688e-01,  3.1063e-01]]],


        [[[ 8.2543e-02, -9.7132e-03, -1.9010e-01],
          [ 2.9457e-01,  2.4289e-01, -7.1320e-02],
          [-8.2938e-02,  3.2821e-01, -1.0567e-01]]],


        [[[-1.6152e-01,  7.6857e-02,  1.0733e-01],
          [-1.1867e-01, -1.6177e-01, -3.3246e-01],
          [-5.4490e-02, -6.5211e-02, -3.2553e-01]]],


        [[[ 3.2718e-01,  1.9408e-01, -2.7425e-01],
          [-9.5529e-02,  3.9364e-02,  1.1793e-01],
          [ 8.6817e-03,  1.7872e-02, -1.8961e-02]]],


        [[[ 1.5975e-01,  2.0832e-01, -1.9835e-01],
          [ 1.0260e-01,  1.5880e-01, -2.7003e-01],
          [-3.1411e-01,  2.0574e-02, -2.3459e-01]]],


        [[[ 1.8530e-01,  6.3330e-02, -3.1401e-01],
          [ 7.9251e-02, -3.1034e-01, -2.1413e-01],
          [-3.0244e-01,  3.2343e-01, -1.3704e-01]]],


        [[[-2.6351e-01, -7.4816e-02,  2.8257e-01],
          [-1.8493e-01,  1.0450e-01, -6.2227e-02],
          [ 2.8990e-01,  1.1175e-01, -1.9994e-01]]],


        [[[-2.2520e-01,  2.4236e-01, -2.5937e-01],
          [-6.9178e-02, -2.1914e-01,  5.1662e-02],
          [ 3.3287e-01, -3.1331e-01,  4.2561e-02]]],


        [[[-1.8807e-01, -7.5621e-02,  1.8266e-01],
          [-1.1622e-01, -1.3177e-01, -1.9614e-01],
          [-5.1486e-02,  2.3361e-01, -4.7890e-02]]],


        [[[-3.2739e-01,  2.9127e-01,  1.5352e-01],
          [ 2.2636e-01,  6.3895e-02, -2.7275e-01],
          [ 1.5866e-01,  2.4642e-01, -6.2158e-02]]]])
0.bias: tensor([-0.2866,  0.0055,  0.2448, -0.0492, -0.1277,  0.1677,  0.0141, -0.1883,
         0.0823,  0.2768,  0.3269,  0.1141,  0.0256, -0.3048,  0.2623, -0.0775,
         0.3225, -0.1286,  0.2019,  0.0530, -0.2538,  0.2233,  0.3307,  0.2559,
         0.2325, -0.1365,  0.0586, -0.1772, -0.0854,  0.1446, -0.1156, -0.1845])
4.weight: tensor([[-7.6173e-03, -2.4356e-03, -6.4637e-03,  ..., -1.7260e-03,
          7.4009e-03, -3.7028e-03],
        [-6.8100e-03, -1.2458e-02, -5.9237e-03,  ..., -5.9855e-03,
          8.9724e-03, -7.0082e-03],
        [-4.5643e-03, -5.3352e-05, -7.3088e-03,  ...,  1.0751e-02,
          5.3635e-03,  1.1260e-02],
        ...,
        [-7.6934e-04, -7.2579e-04, -6.6002e-03,  ..., -6.9196e-03,
         -2.3458e-03,  5.8067e-03],
        [-6.2656e-05, -1.1977e-04, -9.0037e-03,  ..., -6.3992e-03,
          6.5450e-03, -7.7125e-03],
        [ 6.3645e-03,  1.0890e-02, -3.0517e-03,  ..., -4.9434e-04,
          7.1085e-03, -5.8881e-03]])
4.bias: tensor([ 0.0017, -0.0035,  0.0060, -0.0104, -0.0120,  0.0053,  0.0036, -0.0067,
        -0.0045,  0.0049])

Optimizer parameters:
{'params': [Parameter containing:
tensor([[[[ 1.8568e-01,  1.8606e-01, -3.1266e-01],
          [ 3.1103e-01, -1.1164e-01,  3.2342e-01],
          [ 1.2474e-01, -1.9888e-01,  1.7610e-02]]],


        [[[ 2.1742e-02, -1.6071e-01,  2.7574e-01],
          [-2.7066e-01, -1.3389e-01, -1.3817e-01],
          [ 2.5468e-01, -1.3349e-01,  2.0691e-01]]],


        [[[ 1.5646e-01,  8.4726e-02,  1.9200e-01],
          [-6.1656e-02, -1.8304e-01,  8.2339e-02],
          [ 2.0351e-01,  7.7006e-03, -1.6377e-01]]],


        [[[ 1.3347e-01, -1.9152e-01, -2.0972e-01],
          [-1.8395e-01, -2.7228e-01,  2.2461e-01],
          [ 3.0951e-01,  2.2689e-01,  1.6645e-01]]],


        [[[ 2.2107e-01, -3.0453e-01,  7.7517e-02],
          [-8.3193e-02,  2.2623e-01, -1.3666e-01],
          [-3.1748e-01, -3.0471e-01, -2.8828e-01]]],


        [[[-4.6013e-02,  2.3454e-01,  1.5761e-01],
          [ 1.9243e-01, -3.2888e-01, -7.8265e-02]
          [ 1.9905e-01,  1.5453e-01,  2.5840e-01]]],


        [[[ 9.7293e-02,  8.4586e-02,  1.4453e-01],
          [-5.7262e-02, -1.7832e-01, -3.9567e-02],
          [-1.8946e-01, -2.7536e-01, -7.2968e-02]]],


        [[[ 3.1885e-01,  2.4715e-01,  3.2061e-01],
          [ 1.7876e-01,  9.1318e-02,  1.7193e-01],
          [ 2.3722e-01, -2.2734e-01,  3.1194e-02]]],


        [[[ 2.5509e-01,  2.3393e-01,  3.1357e-01],
          [-2.9607e-01,  2.5956e-01, -3.2620e-02],
          [-1.9692e-01, -8.7174e-02,  2.9377e-01]]],


        [[[ 2.3367e-01, -3.1950e-02,  3.2586e-01],
          [ 3.2153e-01,  1.3894e-01,  1.6644e-03],
          [-2.5899e-01,  2.0514e-01, -3.7264e-02]]],


        [[[ 3.2287e-02,  2.6365e-01, -3.4662e-02],
          [-2.1051e-01, -4.0758e-02, -2.9208e-01],
          [-2.2259e-01,  2.5246e-01, -3.0819e-01]]],


        [[[-3.0274e-01,  1.5544e-01, -1.6548e-01],
          [ 8.3728e-02,  1.0154e-01, -1.3294e-02],
          [-9.4286e-02,  4.2161e-02, -1.8503e-01]]],


        [[[ 8.0055e-02,  7.4935e-02, -4.0345e-02],
          [ 2.8399e-01, -1.6094e-01,  2.9290e-04],
          [ 1.5422e-01, -1.9737e-01,  2.6493e-02]]],


        [[[-1.6417e-01,  2.7779e-01,  1.2177e-01],
          [ 2.2936e-02,  2.2788e-01,  4.5629e-02],
          [-2.0713e-01, -1.4532e-01,  9.2807e-02]]],


        [[[-2.8716e-01, -2.4738e-02,  1.5507e-01],
          [ 4.4488e-02,  7.4193e-02,  2.3468e-01],
          [-3.0860e-01, -1.2944e-01,  2.5974e-01]]],


        [[[ 1.1928e-01, -4.9096e-02, -4.2622e-02],
          [-2.8470e-01, -7.7336e-02, -2.6923e-01],
          [-5.8539e-02,  2.9774e-01,  1.0808e-01]]],


        [[[ 3.1492e-01, -4.5358e-02,  1.5942e-01],
          [-2.4475e-01, -2.3341e-01, -2.7897e-01],
          [ 2.9585e-02,  3.2190e-01,  3.2012e-01]]],


        [[[ 9.7719e-02, -2.0437e-02,  1.6201e-01],
          [-3.2944e-01, -1.6604e-01, -2.5957e-01],
          [-1.0414e-01, -2.7733e-01,  1.5177e-01]]],


        [[[ 1.5066e-01, -9.5297e-02, -1.8053e-01],
          [-2.4467e-01, -3.0011e-01, -6.0796e-02],
          [ 3.2024e-01,  3.9344e-03, -1.1298e-03]]],


        [[[ 2.5879e-01,  1.8846e-01, -1.1302e-01],
          [-2.7582e-01, -1.3168e-01, -7.8547e-02],
          [ 2.5274e-01, -1.2382e-01, -3.3209e-02]]],


        [[[-2.2491e-01,  2.2491e-01, -1.7851e-01],
          [-3.1645e-01,  2.8342e-02, -3.4941e-02],
          [ 3.0986e-01, -3.9374e-03, -1.0574e-01]]],


        [[[ 2.2200e-01, -2.1149e-02, -3.3108e-01],
          [-2.6885e-01, -2.7426e-01, -1.2513e-01],
          [ 1.4484e-01, -2.9019e-01, -1.2071e-01]]],


        [[[ 2.2271e-02, -2.5003e-01, -3.2359e-01],
          [ 1.0188e-01,  2.7379e-01,  4.0211e-02],
          [ 2.2867e-02, -1.2688e-01,  3.1063e-01]]],


        [[[ 8.2543e-02, -9.7132e-03, -1.9010e-01],
          [ 2.9457e-01,  2.4289e-01, -7.1320e-02],
          [-8.2938e-02,  3.2821e-01, -1.0567e-01]]],


        [[[-1.6152e-01,  7.6857e-02,  1.0733e-01],
          [-1.1867e-01, -1.6177e-01, -3.3246e-01],
          [-5.4490e-02, -6.5211e-02, -3.2553e-01]]],


        [[[ 3.2718e-01,  1.9408e-01, -2.7425e-01],
          [-9.5529e-02,  3.9364e-02,  1.1793e-01],
          [ 8.6817e-03,  1.7872e-02, -1.8961e-02]]],


        [[[ 1.5975e-01,  2.0832e-01, -1.9835e-01],
          [ 1.0260e-01,  1.5880e-01, -2.7003e-01],
          [-3.1411e-01,  2.0574e-02, -2.3459e-01]]],


        [[[ 1.8530e-01,  6.3330e-02, -3.1401e-01],
          [ 7.9251e-02, -3.1034e-01, -2.1413e-01],
          [-3.0244e-01,  3.2343e-01, -1.3704e-01]]],


        [[[-2.6351e-01, -7.4816e-02,  2.8257e-01],
          [-1.8493e-01,  1.0450e-01, -6.2227e-02],
          [ 2.8990e-01,  1.1175e-01, -1.9994e-01]]],


        [[[-2.2520e-01,  2.4236e-01, -2.5937e-01],
          [-6.9178e-02, -2.1914e-01,  5.1662e-02],
          [ 3.3287e-01, -3.1331e-01,  4.2561e-02]]],


        [[[-1.8807e-01, -7.5621e-02,  1.8266e-01],
          [-1.1622e-01, -1.3177e-01, -1.9614e-01],
          [-5.1486e-02,  2.3361e-01, -4.7890e-02]]],


        [[[-3.2739e-01,  2.9127e-01,  1.5352e-01],
          [ 2.2636e-01,  6.3895e-02, -2.7275e-01],
          [ 1.5866e-01,  2.4642e-01, -6.2158e-02]]]], requires_grad=True), Parameter containing:
tensor([-0.2866,  0.0055,  0.2448, -0.0492, -0.1277,  0.1677,  0.0141, -0.1883,
         0.0823,  0.2768,  0.3269,  0.1141,  0.0256, -0.3048,  0.2623, -0.0775,
         0.3225, -0.1286,  0.2019,  0.0530, -0.2538,  0.2233,  0.3307,  0.2559,
         0.2325, -0.1365,  0.0586, -0.1772, -0.0854,  0.1446, -0.1156, -0.1845],
       requires_grad=True), Parameter containing:
tensor([[-7.6173e-03, -2.4356e-03, -6.4637e-03,  ..., -1.7260e-03,
          7.4009e-03, -3.7028e-03],
        [-6.8100e-03, -1.2458e-02, -5.9237e-03,  ..., -5.9855e-03,
          8.9724e-03, -7.0082e-03],
        [-4.5643e-03, -5.3352e-05, -7.3088e-03,  ...,  1.0751e-02,
          5.3635e-03,  1.1260e-02],
        ...,
        [-7.6934e-04, -7.2579e-04, -6.6002e-03,  ..., -6.9196e-03,
         -2.3458e-03,  5.8067e-03],
        [-6.2656e-05, -1.1977e-04, -9.0037e-03,  ..., -6.3992e-03,
          6.5450e-03, -7.7125e-03],
        [ 6.3645e-03,  1.0890e-02, -3.0517e-03,  ..., -4.9434e-04,
          7.1085e-03, -5.8881e-03]], requires_grad=True), Parameter containing:
tensor([ 0.0017, -0.0035,  0.0060, -0.0104, -0.0120,  0.0053,  0.0036, -0.0067,
        -0.0045,  0.0049], requires_grad=True)], 'lr': 0.001, 'betas': (0.9, 0.999), 'eps': 1e-08, 'weight_decay': 1e-05, 'amsgrad': False, 'maximize': False, 'foreach': None, 'capturable': False, 'differentiable': False, 'fused': None, 'initial_lr': 0.001}

Loss function:
CrossEntropyLoss()

Training constants:
Batch size: 64
Number of epochs: 10
Shuffle: True

Data transformations:
Compose(
    Resize(size=(28, 28), interpolation=bilinear, max_size=None, antialias=True)
    ToTensor()
    Normalize(mean=[0.5], std=[0.5])
)

Learning rate scheduler:
<torch.optim.lr_scheduler.StepLR object at 0x125c043a0>

Device:
cpu
